daily_bags
12446221
12374045
12715785
13153647
14776526
13127579
13050502
13717434
13435343
14482413
13402968
13750930
13844443
14121494
14387430
15207528
14541578
15949797
16183477
14984377
16266898
15685809
17190995
18357259
17509833
17705953
18306352
16103105
15845758
14746697
13732160
14552009
14036231
13620825
13898904
15282665
14663896
14145600
12087340
13498989
14982178
13463773
13667892
14656634
14185805
16862143
14870546
13344544
17527532
17957310
16293048
17490038
24891888
26225318
25378024
28794326
24565039
35469993
27104198
26446762
28375204
26751792
27907872
27665722
28278347
25628035
29964261
30195839
30627094
33257691
34240633
31283854
29905229
30636679
31580649
28327500
29548820
30153452
34601977
31447573
30092265
28637780
27667808
28697542
29496793
29353894
29441217
30626219
29172849
28212025
28016456
29218503
26048438
27086531
23943164
18225068
20350006
21734214
22994115
20948775
28640618
30173774
26413953
28713093
31763671
33256478
34071352
35835009
35896880
45397819
36468459
32384646
33320781
31599217
30394122
29611547
31008417
34151134
32401033
34768225
35599013
36429187
44604335
38398666
32441491
35820086
37759741
36553158
37128808
36187776
37707558
40356072
26645799
26576599
25573455
27253621
28557209
28250276
25482637
22753012
23185576
21728529
21422976
21946537
22065928
21734505
23304688
27112191
30724538
29505180
27979632
22706158
30077065
33220558
27455466
27504411
32207521
33374609
34812519
38948229
36622048
53599055
42218163
35023033
42338670
40975831
42415960
45111934
46095896
